25435
1082
14259
30855
3337
25276
13178
12892
28308
14519
9334
20754
32468
10936
9685
23834
27595
5483
16283
1911
10170
11341
12167
19847
23536
2133
17148
19326
26580
13948
17953
17853
5487
11909
12251
28444
11712
16285
31557
11198
27282
7990
18476
27463
16936
21047
20083
5876
1076
3910
26240
25315
20820
25415
2593
9278
3704
1946
18198
4314
3988
28951
13861
17609
31707
31221
17595
2226
917
13715
28296
20581
10277
20059
18575
22218
31563
14299
10516
29488
28546
28319
12703
19695
6208
14760
29016
1943
24506
20022
27137
3087
11871
4334
1984
27043
23309
22227
19880
23817
8120
7659
13189
28908
9430
25874
16453
9452
11554
14049
9977
15932
32455
30369
32437
17040
8194
25975
2044
24116
18734
6954
32346
25099
26736
19004
20257
2544
7310
23619
18052
14975
27498
4922
28877
18448
13369
16736
4920
24752
17589
863
3367
8368
9398
22882
17963
17099
10989
22215
15041
28622
32047
11290
266
29774
13514
26295
13771
15593
9323
14051
22039
20716
616
2322
8793
21984
5882
16016
13671
11750
8887
22255
15235
24367
24759
22809
11867
13096
23727
1859
26600
598
6836
30402
31519
28443
12335
3497
6529
3067
22179
7388
20715
17990
24987
16204
29602
19377
12028
24243
25312
4378
481
4389
26561
29159
21089
9510
9231
30285
22601
21555
3779
25019
26127
8894
10650
923
30374
10913
32308
10142
21748
2090
16201
4929
20514
4306
27021
1109
14290
29966
11004
10561
14429
15230
29222
27280
14035
9806
28796
13275
16910
31997
28843
13073
32417
11452
7750
22271
9011
9027
20994
17776
25555
1838
8266
11163
28987
2605
22423
10379
24420
29350
17825
28677
7761
7507
29687
3175
4862
11150
12750
955
17561
23673
16745
9211
25253
24434
27074
32464
19325
14420
26131
4849
26154
9644
24979
19575
30305
14168
14784
11780
15845
11831
22500
27763
11548
26129
9829
24840
5518
26541
17624
5384
26834
23169
27487
31635
7420
9398
30646
7283
28017
18878
795
526
1320
23381
20859
6164
31620
17419
28169
26375
8098
7807
25557
30991
30863
17408
13009
30408
2908
5260
12151
19462
22728
28093
13512
1500
30317
13164
11389
30070
15994
6117
29298
28117
2814
25885
2281
20090
32177
6280
15785
19103
11123
25517
13845
29518
11088
14474
9134
8330
5557
17214
23668
24688
2391
32472
27208
26965
30814
15279
4455
12719
1337
7362
14910
31247
4877
25271
3243
20868
29861
11876
18530
30180
5532
698
14055
7938
30481
14127
3851
19021
11781
6049
32439
25853
29212
16728
9354
12075
24377
26976
28207
3930
13279
12148
17643
23536
12777
3397
28165
25414
22365
18961
30428
6423
26067
9361
29023
15847
20745
17149
12461
24850
14958
24134
30131
1666
28010
5709
24804
18411
16540
27655
2784
13070
6429
3980
25165
23720
18728
6330
12773
28960
7151
12150
7923
13563
29722
12025
8175
9651
23701
6139
10960
27874
9100
25994
7676
19101
12799
8809
19296
20233
5612
1603
20857
12282
31216
9612
10286
7598
21803
16478
6395
16422
15080
4780
6746
16453
15032
19261
16902
25015
23632
14848
12044
5104
18522
23460
5844
25982
20655
15438
19573
14841
15167
32119
24115
9351
20057
25246
11981
22312
14123
4808
17167
11827
21636
24276
26229
13058
28530
30813
20041
18081
16677
5018
12403
559
14623
23836
6790
31498
9584
1519
25945
3872
21075
8494
5007
24526
11014
13882
28681
3390
12654
1380
17345
24013
25005
21994
9854
25120
25631
29721
21105
16338
9756
19221
2488
23963
15748
19018
7280
14927
21185
15026
16145
8740
17256
11584
32563
18945
13808
30660
12003
5858
7416
1234
19847
11952
32116
30390
17475
10952
29424
16791
19403
11832
2882
23279
17254
7
183
10756
15571
31328
26858
13498
21461
26882
8156
23577
18963
23712
15146
31528
8498
1491
14830
21640
32624
23123
17570
16877
21255
17505
1923
24740
25178
15307
19074
25678
415
13031
6713
12729
16803
20694
25682
27032
18054
22429
10824
5236
8475
17340
3163
25733
1338
27472
8315
8393
3808
25548
7257
24069
14607
24532
12397
113
7946
27225
15404
17802
14099
31207
25762
29018
30385
5972
21160
18690
30477
12437
15054
32091
3513
8022
4052
24527
22575
4822
18455
1685
17473
23667
9851
31269
14584
20544
18821
1857
22938
13689
22760
12560
23330
20343
14859
32092
24521
9643
9477
17456
27851
13365
8846
30591
25481
836
8415
15263
26292
20839
30726
32037
18774
733
18712
27264
16157
9644
2102
20161
11643
6292
22453
31406
27959
4476
3641
4855
28739
4215
4602
3298
763
24816
24777
1974
338
20042
669
23875
9458
14126
1760
9320
21789
8805
28555
27319
12575
13281
21665
24642
14254
17727
27240
9440
19202
8348
10769
31544
25741
6742
16839
6699
11303
21638
31985
22040
3201
17639
21592
12383
22861
2783
28294
27121
30047
31821
21297
25970
30082
30585
29359
26605
12359
15965
29673
28297
3604
32406
20851
3214
3477
23719
1724
27631
16060
134
4984
23588
1396
21187
16956
13890
29859
14117
7470
31218
21878
4546
1969
12466
20525
24315
26805
5822
21972
29051
25164
2955
2895
19197
31040
8301
10220
7053
8013
15179
24837
19243
20488
28227
14880
14819
1295
18224
31564
376
2789
5277
2977
13731
2501
10830
9014
24369
15468
10580
8237
17236
29518
22133
16750
22569
13045
12745
21613
27519
3245
347
11292
16312
1547
31323
13695
20370
16911
3358
25236
13116
23431
14247
22884
4752
22145
20543
4293
10139
29586
14062
29420
4143
19249
8380
20735
22679
31854
27439
8893
32378
6385
11869
32316
26988
29412
11335
8482
3436
22497
15666
24155
30655
21952
28156
25935
22402
29743
432
27512
23039
19021
12939
2546
17957
19475
10995
3644
22673
14506
25140
31512
12212
9334
7005
15198
30071
10310
20624
28213
32152
18622
20699
11713
5181
3827
7832
12095
3512
30400
28514
13071
15690
2704
14148
1271
10789
929
7141
12045
9527
2161
29010
1917
29382
26229
26299
9772
19619
5785
28083
19356
3727
27614
25225
18847
10590
6354
17467
9342
10618
24329
7603
3546
12867
9318
31681
3212
28728
7927
17897
8058
9221
631
6409
30627
14614
11394
15634
13845
18048
23115
8536
17286
27454
28732
19530
17511
8505
24159
363
16100
12802
26426
18187
28964
8041
24986
3602
4472
4778
9817
18277
3868
11835
19742
16665
55
19588
17140
21401
13375
26852
7282
12356
27081
23542
5563
349
10287
23460
9096
22677
23128
5072
2814
28029
32395
32270
7024
6268
13711
31786
204
1811
10634
24418
22874
31914
12148
9844
17124
22167
3097
28675
254
285
20439
27708
8203
3729
10302
13060
3643
26584
26567
1847
21261
13210
32677
24693
19853
15929
21954
31970
4286
24919
16856
4211
16112
14072
30044
10157
9193
19180
8590
7154
22430
25569
1850
17768
2528
2674
2054
30084
27661
2618
11759
31184
4699
13271
16141
9042
12812
25668
20262
3563
32510
7985
7443
7580
10783
32693
5982
17715
29718
30958
7366
24135
23529
14967
32736
28549
13103
10183
10676
12270
21606
10189
24991
20174
21933
413
3335
29977
24511
10048
31681
2744
2730
25344
13992
368
3893
8419
20487
18918
16412
7321
19041
18766
17231
8023
20219
728
26347
29823
24334
14991
8942
1077
27045
30445
26199
5061
15098
16944
31947
8115
20411
22435
20251
13838
6121
26802
13921
30846
16259
21292
13390
3708
9353
22604
10260
24646
18218
22157
4602
27846
3461
27890
18375
11060
4896
25711
23835
19645
14635
26412
7850
462
19472
25227
14764
27027
21273
18032
9851
29787
22374
8212
13475
25988
32497
22546
18743
25142
30337
16804
9978
10601
1959
16380
24278
31912
12623
26183
6200
17517
32061
3160
1822
191
8576
14639
29548
5420
16255
303
3773
29607
11076
22458
6005
16217
10759
31460
16025
2026
21063
1642
23849
32011
1422
26427
2362
30405
10191
15843
12369
22122
4862
16289
9006
19799
13956
27693
7673
267
17718
5451
4495
32403
5716
5067
19267
15260
15084
14969
861
28299
12335
14215
22595
28260
16399
22917
26621
23976
7685
279
15017
22190
28014
3457
22257
16685
9980
4958
17976
11914
8129
22906
8534
20120
11553
11692
18896
11277
22493
17975
28991
32013
7596
9616
23522
3795
28997
18353
29959
18577
19347
28658
17409
29578
6221
15788
5557
28302
29166
3445
8850
23437
24566
27654
10986
17225
16974
15859
17271
27603
7038
13790
8729
19201
30728
32634
29565
25756
28524
29988
17076
29261
23643
14296
25246
18983
26020
6943
24706
19734
5429
830
13975
8900
14721
28210
17259
26100
13271
2131
16322
14019
6070
2521
19246
32499
17795
30926
29265
32574
26238
12342
29518
11510
31225
167
6303
3423
30545
5168
5398
6385
16236
2449
25633
23244
12189
4384
9000
24664
29356
18258
31978
10838
6524
18170
4434
23003
22518
30793
8901
29615
5932
26771
26877
30403
18275
23210
27984
22368
7742
7782
4471
16957
25830
25706
12852
4703
15211
17418
11399
9367
23066
6187
2122
25122
19672
6871
27736
16061
3962
15896
28996
28000
23933
23012
20049
21168
19955
14881
3431
15612
4177
2733
11430
30522
10412
23631
1300
11723
9247
17611
5097
25673
15495
29039
30189
23144
13817
7057
29882
10679
31478
2640
20304
22222
7061
7288
25565
271
10285
20667
19339
22284
32285
32303
3615
13555
6968
11426
785
28695
17930
5254
2114
26137
14654
26733
7507
21061
22671
19915
6043
7546
3866
4693
14052
22843
31157
9659
21515
15593
4037
11606
14561
549
6940
7515
32401
6687
10173
3489
8862
25613
19108
4996
4680
4334
19675
26246
16519
14125
7919
10425
10602
3506
17734
9352
5751
14382
29622
26909
13433
14958
11793
6214
18584
4974
28901
7273
23851
28040
13816
23859
29340
11828
7800
4045
3163
28460
26663
30978
17670
23033
17308
1707
8810
12206
31786
29811
27919
16021
28911
11202
9895
17886
9594
6370
19220
14136
2238
11792
29735
23236
9526
10951
7657
23478
18612
19547
11063
22074
13977
21034
195
17365
6631
13560
10225
31646
28993
13030
24914
10000
21027
7253
21961
12488
16740
17245
21399
15489
3527
23529
30369
5196
17265
30370
10192
476
28642
8987
27954
13697
24590
26760
25929
16473
26890
17748
17650
10482
909
20582
32147
32640
31077
4413
1323
31706
32396
28630
4745
2889
14476
4591
5624
11001
3283
18077
5980
24785
5336
16825
6171
26068
29910
11501
11798
31945
16326
15895
6824
16120
11830
6154
5072
3002
8932
27765
5746
24011
22556
29561
18936
30490
6067
14141
15643
26073
10331
18288
18699
15568
10461
4528
28523
819
13536
11260
28034
16079
11554
23745
23631
1268
25690
2488
24495
881
6377
17866
11444
10812
30638
3290
25195
6891
31779
7356
11087
1796
23206
29659
26224
5798
15561
3369
12966
31888
9405
13032
19400
22754
2086
16784
10215
31289
29333
26243
26307
11536
16054
18891
25663
3348
27571
20862
22444
3050
2355
17432
21958
2207
23242
12206
3295
22839
27446
28044
12265
4692
29887
21351
19603
82
20781
8443
29764
31245
17714
1603
23597
23742
27522
16755
13077
19393
9505
16171
26147
24906
26096
19346
7852
28526
21065
29644
2485
354
4391
19517
25812
20822
6282
16366
20493
16382
6004
30845
4405
31890
10834
9963
25681
12984
29850
20477
15601
5588
22099
13929
29076
30415
18481
19483
20476
31931
8389
4958
8024
5612
24220
7842
24922
3990
27305
22621
5208
17073
8907
3789
3455
14444
23151
26449
14324
12956
27002
26670
25838
1264
30828
7105
28550
31403
19144
26555
23939
28308
26233
25310
1446
29565
27140
1410
14034
25336
9938
28908
14095
31492
3296
6586
24236
2719
32248
26886
21781
9104
26448
385
30212
13368
26322
9531
31127
30302
28930
2416
19510
3140
31861
8883
25099
11
32040
2020
15819
1225
31683
26644
20183
21490
28423
23631
26254
17462
24368
30362
8867
10356
2309
18257
14389
17972
16281
3864
7497
31073
1248
21148
12093
4002
30279
19867
13108
23937
25708
5280
23960
22516
29721
23886
849
27442
21209
30691
11262
22264
28451
6281
6553
23807
17338
10220
6595
10422
31199
19950
2129
18485
27517
56
7499
22217
20364
9359
29732
11119
22235
1517
24452
10727
18027
29322
3727
29360
13455
16116
8911
26412
13964
20051
23393
2349
18217
12251
3236
10729
12070
3876
19835
3214
31560
30247
13441
22324
14123
9065
25824
29428
10983
20036
2786
8029
21864
29559
21112
30123
25621
16907
6763
12232
13437
15234
32168
29302
24246
15682
27698
31211
921
30712
3823
5955
2721
5930
7758
19943
11444
7763
11315
7207
26043
6755
6618
168
22068
8468
450
7075
16315
16118
16916
19803
27836
669
25516
24113
1257
1265
12990
11366
6984
18646
9595
20127
21893
12049
14330
19425
17533
10599
20667
27240
31611
30095
20330
2313
29142
16913
4392
3549
31449
3136
26886
20117
28202
14412
9493
10753
26239
18934
26758
22113
20881
23639
3287
9575
25951
3710
18882
11428
1786
12355
12753
27320
8390
22493
4625
22451
30865
6527
3110
26129
6826
19074
25745
15583
12002
12163
31899
28838
31367
21178
26235
14435
5309
13678
28597
10372
17567
28770
20527
1893
9610
25114
20888
1660
3000
32631
14098
16421
27639
23105
32613
31274
10974
5439
10026
28376
26405
25675
20868
3500
27330
11943
9653
11739
23481
27481
22190
4945
24023
30046
6505
941
31745
23885
11413
18312
27842
30327
13821
20677
27508
14491
2483
29000
22487
9215
28952
4386
11491
7389
9621
2312
15713
30621
4199
8851
6608
31286
15411
29479
17768
1651
11597
21236
25995
10255
15022
16821
29924
20610
22610
9797
12825
10501
19047
27296
2090
10892
30264
10782
22863
30950
30206
15447
12395
28256
12297
26111
32362
13639
2821
20057
30020
2395
969
21687
4641
21892
4702
13299
17129
1422
22058
10678
6266
6750
26004
13361
8850
22542
22375
25603
21179
5506
11483
9773
9477
3208
4475
32721
16490
16938
9210
13593
8146
15553
125
26035
7920
28407
28992
29746
17927
14970
26628
8337
18901
25050
344
185
11643
10180
26152
30642
32416
29095
17445
11290
15275
8589
2777
32510
12304
6290
28487
17650
8691
7743
23754
10154
20216
16989
17303
5581
2694
5203
3661
702
26058
31312
23284
7071
11707
10760
12889
9485
20213
1817
16764
2930
10479
10330
31989
24121
7189
22346
29297
8354
8447
26915
21491
14376
3644
24423
14784
9330
5444
18829
3907
12693
2400
15541
15173
26152
30034
32166
19401
20129
20338
3112
22030
26793
22972
9304
17204
26664
16018
8526
13936
9046
11257
11693
1853
32055
29281
1879
3479
3812
29936
30152
26701
20146
15248
4364
1552
15060
24608
1017
2268
30803
15425
3740
18828
12874
24899
19992
17415
30607
27947
27750
19131
4278
18700
30912
20307
8894
9299
2854
13045
5379
12063
27280
27284
26360
31488
6168
11046
27720
9804
29752
26221
14873
23621
25174
19880
11137
18864
29945
22917
24897
8900
17837
1475
4305
12963
17266
13735
2956
20780
20860
19517
4508
29515
25298
32602
14810
27899
8708
29806
13139
15874
13353
9619
8472
29749
28176
11218
17634
10166
29087
17710
5909
13616
5762
27120
21940
26166
14892
30952
2626
6409
23644
17711
15047
31961
20902
2398
20757
3126
19894
7064
23979
12084
16943
27080
30261
24416
13843
24949
487
12257
10595
24172
11127
12902
5435
11412
119
22627
1296
7867
21494
3072
4725
3002
9085
16610
896
181
9279
27516
23284
29216
13252
12383
26595
13325
7621
7610
17718
7727
21843
24304
5014
32658
2284
1105
2083
29219
11810
27134
23467
2695
18075
12711
3912
26912
4637
30442
17243
20120
8286
14217
13410
22375
22907
25872
16032
18403
10364
12166
16969
7596
18201
2518
24890
21520
15602
25952
14172
8706
35
10180
596
5647
28761
16566
17872
4383
16446
31934
30723
11811
19805
24202
3531
26545
25126
32598
15042
26410
13608
10575
15928
9152
28585
27011
28284
27507
4058
3884
28197
26178
10158
20442
11760
4391
14670
32329
6752
20366
8657
24074
14772
32696
19590
10095
18054
13108
23624
14417
2564
20863
7991
32629
12503
16050
25400
8409
14667
5738
24009
23752
719
16235
19512
4752
30415
23612
13194
25434
21178
28275
2841
16828
29377
3330
18835
28512
19809
25819
13407
26847
24985
20601
4619
15918
26879
25097
24759
22341
18638
30512
19821
26937
21272
8386
20914
18692
548
24371
15741
8418
5711
20744
1094
23597
19608
19080
29791
13684
30039
29063
5942
5819
5941
15781
30160
25137
17699
12288
5130
27473
24703
1538
10444
11721
5866
3354
25721
30131
4451
20259
18325
20142
15715
27507
27610
29934
30029
27212
23626
21909
21937
3073
29277
32549
29766
27392
1035
9247
4802
20718
27239
21321
11774
7330
3604
6627
14276
19986
22877
7516
11381
31134
19341
28477
11062
9895
22839
30971
23304
13561
27217
8683
873
5880
10459
28967
22178
24933
26613
10758
6816
16281
30278
3835
10328
2090
8898
7120
16307
22706
22257
16847
22922
6720
10904
4522
2234
17214
21649
9435
31060
16290
29053
5773
19830
14523
23417
15914
3685
12419
3140
26277
9792
31827
26575
1203
21734
5909
3798
21176
24402
20487
13210
8484
32197
25593
12143
26480
10288
5296
31457
4860
14906
21321
5068
29660
9753
28745
5594
15863
20400
31248
25697
17531
5290
22582
2840
11305
27382
28646
5513
4239
21678
17727
684
4369
11367
24935
31167
5051
6755
10132
2386
15282
25075
30307
31352
299
30753
28737
29394
27131
810
128
12248
15163
30515
4686
26608
247
10082
27874
13120
21237
11393
30269
16943
14879
433
26932
4667
11798
1035
7420
10959
6919
10651
9254
30539
5634
7716
8298
18116
10097
13590
3086
4088
6435
2146
30904
16748
20175
21187
19990
16906
23665
8581
28324
7861
6733
3550
4475
26129
14940
14343
4525
5431
3987
7859
15242
5234
29344
10798
26422
25380
29673
9142
13070
1005
23024
14699
29414
31004
18007
8357
28129
2011
26606
733
6533
16289
2068
12304
17903
29504
11391
30907
30697
6451
16060
20032
1957
13840
4731
8373
8836
17592
25044
20316
19650
9321
9059
31909
3057
15131
4976
25603
16130
27743
8509
25245
25105
29043
2075
17912
18137
2859
1398
23053
22798
30234
20039
21176
21826
10752
11393
3878
11000
11010
26457
20055
25610
5619
22336
20017
13369
12249
4343
2186
19729
17988
24920
1763
31980
10542
16837
9844
13599
22596
9809
23889
4001
13588
32621
27855
10527
24902
2567
673
16138
20238
32132
10722
22956
19384
31100
230
8558
26057
6096
4130
18576
4077
14974
406
19023
18504
18254
29423
28316
6082
26759
20935
2208
30087
8113
31530
17290
30406
3128
1381
23637
408
17684
21371
24409
30482
716
27946
5944
6186
17079
15311
26565
31393
5302
25383
28584
10831
24560
14184
16747
7708
2246
20084
22886
25418
25559
27440
29837
29164
31060
18566
29160
29708
24548
5051
10504
28361
7
3169
22649
7614
18379
9694
17523
11415
5354
20239
13573
10154
25200
18376
14767
21617
26711
31906
9263
23613
28934
29751
30243
16867
22148
4379
8514
13881
12835
21188
1459
31712
29729
22367
31796
32049
30618
31521
31321
6823
31368
11699
335
15435
3204
2483
32583
17440
19621
4692
31382
21248
17461
12826
6552
284
7389
13556
16971
7969
30171
14464
6515
3320
4386
8967
24973
12505
16208
16946
5148
5311
18430
8052
21037
13971
10588
402
27075
7797
28458
400
18190
8684
23556
14212
3235
18706
28621
8618
26685
18179
20202
7016
30007
14952
17634
29419
27729
4587
10433
19075
876
18886
16351
28769
4550
12619
27437
10546
25275
3681
8487
13200
30915
2241
1558
19154
22452
4801
23871
12244
12140
9066
12917
18973
22221
27971
5839
3319
30915
7286
12971
11181
10920
22219
21486
24289
20954
1211
26327
2125
19601
30867
6933
22664
4793
23944
26842
4164
3935
20551
15563
29878
10660
4578
16138
467
6035
21277
20663
23016
19061
5935
14619
28106
15968
20572
2268
20224
17596
12930
8409
24391
22722
645
11859
31369
25262
12654
21578
26543
15438
21329
15950
11775
24039
6275
5105
28433
32563
17892
10723
13770
4878
20857
5895
28589
6133
5692
4295
8778
26531
12797
30962
32733
21074
20372
15702
13296
2369
26306
3828
32446
3373
19490
8195
26348
21747
23822
5253
30874
32557
3003
18774
19986
17354
14141
20680
15103
29984
11927
6053
8894
12111
13073
20003
8613
5272
23593
22180
18221
14616
3141
14332
8076
27335
32479
230
20201
28634
5861
24881
8683
10138
12342
27140
32635
16108
10433
14419
11560
27150
2680
2853
19389
14130
2785
24035
7402
25645
26641
23589
12796
20736
30462
28866
31054
12636
13376
5513
2366
5657
3635
31379
28409
16611
7903
28868
30533
2576
32015
9649
24819
10476
17958
2817
9055
23801
5764
26706
11317
6894
9715
10698
24645
9743
20164
29352
12460
7011
22543
27207
7090
24963
1763
24600
30384
23064
8746
14400
15798
14726
11803
10817
26952
18767
2808
26231
27648
18330
10104
5096
2596
1474
24290
9476
21183
12428
29673
8860
27487
20329
21172
30717
8568
7999
15637
23209
20674
19418
31895
25934
6705
24339
30232
25635
2819
17255
29098
4133
5688
29870
30815
22083
31621
11565
15973
2367
21666
3089
3560
6034
14293
10829
17926
23069
26154
10213
21124
9359
21938
21066
10538
24625
28978
23586
25237
27472
30715
23249
507
12761
18780
2964
20320
31576
4647
3553
25805
29641
28345
30512
6233
9580
29530
22239
31660
589
11723
3169
31468
18147
10378
11684
10962
30043
30594
13682
1934
17341
20921
8224
22511
17217
8319
9959
25156
14609
25572
15689
14111
8348
13261
32237
8089
14760
28847
20050
14104
16710
654
4876
6681
6153
10428
9192
4290
21365
24605
20422
6011
13444
30922
15605
13602
1782
8305
14809
29755
31583
24749
20688
25794
16551
20631
8628
28760
27774
25197
4178
13414
20795
12514
5847
13470
8253
22018
20969
28644
8037
28771
4126
30505
25577
9060
12298
8025
17236
26900
26416
17578
10799
12366
1135
12487
10155
5309
23947
5633
25430
23658
302
20582
29897
24642
16767
15721
258
19685
5641
27389
10448
5178
6915
8567
14770
31636
31928
14171
27743
6711
22627
31878
24540
11960
21061
25255
8048
5730
16591
11344
26670
17841
9691
29492
4252
19350
5048
19398
25294
7561
10987
1812
26596
1695
27530
24055
13169
32016
23614
8292
17718
31621
10734
1374
13100
23510
28276
7961
21807
18244
1688
8935
12789
27862
10552
18412
31555
12500
25447
11930
23526
5958
7545
8292
12324
15147
14301
23343
7840
18607
13780
11804
23052
3138
7727
29738
17273
23910
30045
29734
11441
15506
25513
17634
5012
32051
28623
10246
26019
3152
7565
16015
30827
4170
18115
26576
25957
26939
31510
15902
28598
29633
13717
3424
20555
15584
25725
31399
13575
8147
10882
4992
5178
16106
10246
27337
2257
9392
16115
27250
11748
10325
16280
22818
6846
25520
25101
6674
18691
5176
7661
21757
1198
5180
15089
28662
18796
2722
21807
19978
12403
30155
10611
29150
23104
20661
25144
3423
7708
7263
16123
11093
31860
23172
22253
3383
15856
32296
5230
6243
22637
14133
12604
987
26257
22353
22060
9873
21840
19220
18681
30078
22485
6153
11290
8110
31614
23477
27814
10686
8301
12967
12438
1453
32181
9613
9733
20126
17666
24789
26779
16294
2089
3113
12533
26857
27499
3742
29154
19929
13481
26291
4579
5860
2918
7775
16842
3955
3581
3679
17812
21796
26757
10436
10720
24388
12578
26267
30256
1007
27168
30982
22376
12352
26330
16012
2757
13690
9904
7873
13776
4402
18590
13386
12662
23220
7234
31410
23535
30599
2667
5943
21165
260
20882
5517
31467
13139
12573
12603
29408
31873
21651
20846
27234
28521
2825
14923
15900
25304
1984
6495
23689
29438
14248
12161
57
24697
24039
8846
26939
26577
31501
17615
12881
1393
25155
19103
15603
15755
11020
19704
23477
7234
1773
21728
3906
24276
24136
30101
12309
29380
22878
20509
18934
30743
20989
32386
22472
25245
22905
26813
32508
5344
17749
9610
19269
24894
1631
32649
22863
4306
10069
27450
28204
13418
18303
10367
20801
12222
13823
13393
20249
6144
22306
14176
14472
1890
32492
4536
27822
14530
5868
8718
28691
11917
29709
23372
5333
19156
16928
2078
15070
2307
29424
13298
5865
25303
23980
31241
17085
9817
17924
32457
29250
1352
29101
16216
26783
23801
8584
11012
24153
32305
4515
7231
3334
25317
27458
23381
24661
7727
26669
649
4389
28666
22400
13359
11441
25164
11802
28802
15016
15058
21545
31650
5257
23578
27218
26001
21035
14786
16513
4023
25287
20866
28430
17540
2772
283
19405
12317
30646
8996
12973
8652
11419
12072
15358
30294
25363
6842
25520
30866
1363
26950
5055
10109
21218
18104
11733
11940
27404
10381
1432
30655
24778
4672
1668
2976
30707
16564
5806
14240
2237
27564
16502
15649
5587
8227
4965
30430
5459
19196
14264
27540
4762
2475
26492
15303
12499
10836
4265
28191
1612
11458
8925
1839
26996
6652
17017
19395
11124
30
21260
25569
31358
5597
10193
26340
15074
2326
23557
32568
25702
8722
9764
17867
19634
23794
22274
5736
20483
7668
8046
13484
10174
19761
2622
14029
547
5510
21800
625
6848
26193
29458
28537
5625
13350
28010
4614
31426
12174
19990
12947
29828
15444
25068
27738
22761
25772
4725
4594
23997
17994
28466
29221
11890
27710
13889
9319
1416
25405
27166
6834
26924
2248
12773
1967
14720
19747
1402
10882
28440
26599
9270
1625
240
21435
19371
6234
27579
24553
2707
28411
24699
25863
28707
13160
9593
26310
2175
1743
12737
11228
18643
17609
15649
30408
29328
30886
11831
23263
1332
17127
26964
24567
30890
2592
24695
25079
30834
11602
14789
4253
25653
7253
20158
30590
3823
4363
11958
20563
15666
21523
27252
4486
8988
15353
9391
1368
4775
17737
499
10327
3448
1619
22933
28315
16147
14219
22208
2112
22888
29020
11062
937
6999
13332
17063
12681
26384
1428
31488
1156
14123
17692
32190
31861
7959
31682
10157
30147
1116
25944
19093
22812
32357
27923
9219
30462
19136
8928
31591
25020
14630
17751
8286
9985
25319
22407
1789
2117
7365
7581
22634
20381
7068
22300
4800
15948
8212
14184
11912
15888
13009
4608
31800
31363
29324
28828
26696
1951
5463
17338
17406
5019
29176
8064
26619
24225
27799
32337
8048
6330
5676
23168
19548
22513
14460
30716
32583
15231
13131
19770
22506
28137
6536
3344
25573
28513
27728
17803
24441
15622
2687
28489
27252
4894
26673
4844
30023
24247
31054
15839
14638
14232
2327
31726
4264
19395
18551
19606
16061
6731
31513
21849
26780
2745
7947
21189
23136
10842
6643
17814
21425
23667
14013
22315
5369
1964
27980
17868
6130
23372
32635
16853
18586
7508
6228
1643
12360
26172
12209
15289
9913
6243
21294
18609
9161
2601
22913
32536
9849
2844
6266
19656
5561
24064
30168
4379
11992
6802
5094
13142
29525
8956
28813
25134
29783
11417
19860
25145
22180
1331
31146
20360
15304
28381
19577
17149
17093
28081
23299
25968
27096
10800
21914
6110
18587
27994
2827
19049
21069
29801
30382
20504
13449
25687
19394
20689
28064
24447
16132
25416
13124
28028
5270
24875
28241
19708
24864
17457
9350
8180
28209
536
7122
12515
16054
24464
3254
13298
10117
21913
21891
12209
26286
21066
17916
18596
20547
8175
11552
13708
7300
30538
21492
25076
12907
20375
5547
15236
630
15210
2316
11489
6542
23427
19390
32643
13215
20148
26311
21338
26863
23907
19589
80
19848
24425
1879
9209
2135
13215
17697
14196
26867
19110
248
18578
9927
11072
11503
10746
12606
31590
6735
2139
12893
13623
2170
13782
16278
11731
19315
16079
9838
11214
14901
9613
31879
19074
28767
12626
21751
21158
18673
28710
9304
23241
31135
30373
31686
22955
4502
22273
15550
10989
25547
25084
2618
12075
28662
9619
109
10782
26696
9926
15263
27270
23452
2726
21143
4768
25873
4598
1922
12040
560
29215
7457
4916
5038
24520
27003
20659
17058
19945
9339
13796
17697
8661
18899
27601
1457
25760
2258
28831
1839
23430
1263
2350
19764
22226
5061
14626
15976
21664
10859
10852
26207
1832
10198
9221
32211
25593
7052
17037
1216
1285
15231
12143
17208
27142
24983
12510
472
13875
27743
5196
9902
11317
4149
23285
19462
24152
5083
17469
15444
27817
2069
17671
31934
30860
19714
3200
21554
19840
24062
29118
16665
6663
30539
6731
22645
7261
24275
13790
22421
8420
31139
28436
26617
26149
17548
26985
15628
6947
16841
18250
5876
11459
1877
12305
24525
19684
11267
21809
19175
12450
10591
30635
17394
32670
10438
4735
9430
9584
9964
2231
22617
2448
7170
1340
27316
32555
9690
14514
1962
23871
2262
30139
3851
23955
9113
25775
28743
25015
29006
22805
10534
23286
5569
25779
31170
23730
19897
854
16379
9947
16736
13245
31819
20422
28714
2564
14981
9606
14159
25629
30817
23830
7907
211
27288
20199
23632
22546
15541
21283
31096
23743
7809
27428
24734
18112
13257
8774
24421
13273
13691
30682
18461
10460
13982
29546
22962
32383
224
16216
23320
14420
18602
23746
8137
5277
27764
27247
28937
22274
848
16870
12994
12256
28441
31077
30562
30098
1266
25235
20269
19308
26856
8669
26888
26651
25022
14556
16551
27583
28119
2332
15621
16071
14882
21226
20332
2280
29451
62
2342
21285
25760
1923
27146
23736
26236
5865
22056
2254
23698
20800
28444
28404
8668
14049
3633
28572
6818
14675
6952
15576
11514
4704
7249
21484
926
22233
4841
7703
16459
20816
7356
10314
15348
18289
2457
16616
492
20820
10672
10389
28642
926
11709
7586
15056
28732
15274
26095
24407
29393
8897
2707
23997
23768
10174
19333
13498
18587
2326
14643
113
14895
16545
12266
31518
13841
24455
22783
3912
28176
11788
18090
24709
2981
9298
8839
28003
8373
28366
22538
5674
18312
22533
27204
28850
21495
16126
17995
5181
905
29231
8811
20432
5771
23137
16832
17394
7116
11304
18567
21540
16453
13337
12651
15592
109
6399
18705
16277
7134
25382
8693
32657
16040
20032
610
10578
6358
16638
3624
4106
19394
28337
18886
13369
11683
31463
6598
26866
8665
24134
8959
13120
26013
19048
9661
19087
19006
1090
25974
19774
28152
436
1151
28419
25752
1892
24185
31116
31899
18865
14832
5089
29392
4019
27501
27928
26997
15706
10793
15800
17162
26721
25687
21084
19560
1675
23235
31496
30658
15453
8280
13220
10485
17172
2449
21345
13026
21331
16502
13319
24743
10155
30773
4587
8700
1453
29910
12934
21505
26498
11550
21428
6229
15445
7038
14901
2886
28450
26546
30920
14203
19113
23346
20552
20013
7339
27304
5837
17591
5738
14919
20677
3359
18312
23798
18828
17232
23541
3281
14938
5969
6174
5961
5710
1828
30726
890
764
6672
22889
14868
17501
21736
5506
14675
17993
10114
30019
16069
12569
2215
11339
15841
17606
22903
21307
966
3722
22239
1482
22320
23826
30202
14489
8538
16855
18647
29738
8185
22549
1387
20971
24317
21445
24662
31684
9332
4435
15643
26003
17597
1096
26798
18429
24981
11208
7184
8401
5788
1018
18818
15339
31097
5999
21060
15927
22613
25784
18561
15424
12860
11259
8865
5654
20001
2816
29587
1916
8060
20225
671
21876
26143
22638
17059
3253
23961
17716
773
25512
1093
27331
22257
15772
9604
23186
22001
25485
6268
10299
28173
22197
23438
28063
16161
25213
22245
10881
6928
900
27579
3296
29267
22961
11391
32152
13802
29659
25488
21741
29086
25458
11591
18360
8814
1834
372
4121
13523
25796
14457
24016
15083
18393
19795
8463
2851
24225
19609
2113
15677
9303
6093
26460
4346
25709
24640
21311
2900
28316
28196
15527
9260
26988
22990
8031
20800
4247
19550
2726
19623
4142
1639
11307
24541
30784
1394
7334
32764
13801
32324
19962
6539
20245
16157
15942
12096
25257
29008
29158
28997
9179
13532
9756
9806
6298
23079
31968
5320
376
13128
27653
26483
32171
17104
7608
25713
26772
31066
19582
12145
24845
19884
12482
23267
16143
14524
23787
9657
14776
6918
28801
24904
6036
18778
1170
26168
1860
22877
6518
17491
29158
32198
28564
12039
8237
7680
26307
26907
6791
25608
32074
16599
5250
8380
14475
23697
29183
23888
29176
31961
25845
19517
22336
1158
7484
28602
18474
5409
20794
31676
10143
494
3620
5681
17739
28672
13070
4191
1954
27680
20497
18975
3847
25703
24659
10460
12163
1169
31058
7914
20368
20851
2335
30523
32689
28923
14798
15077
21006
21172
24025
1507
7683
30124
6972
10777
1881
11675
29829
8615
755
25926
13224
32636
18093
13791
27041
9988
14647
27063
6959
152
6075
19923
1297
16666
14889
13145
16808
8847
10782
16830
16975
10047
23824
950
27769
21322
16527
17684
25096
6545
11205
14954
25041
11292
15231
11546
18621
9513
30874
5413
23440
32691
26454
3772
6767
10471
31593
29007
5872
12625
2375
14406
18525
790
19270
15299
17735
32181
13315
29932
702
22778
23553
8982
17670
26119
1944
24240
9457
3117
8782
29607
8960
3407
5654
8368
13118
29161
7531
12823
13421
971
22452
7654
2831
15822
27958
10230
10326
31141
1576
856
20862
18413
14765
23325
346
3339
8124
7044
9765
7876
8499
18626
4911
14091
23074
17977
9642
26249
32595
23710
18498
14625
18785
13656
16963
26961
30510
7988
18323
10000
18903
31356
16467
9809
21803
10658
2510
26017
27988
17242
4787
28560
9924
20813
19505
18587
2819
17222
25824
29407
17992
21359
15588
18288
23350
1455
32027
7110
4491
2254
20128
7672
18847
2656
17901
28180
3561
1261
11934
23548
23355
21010
26898
26085
28668
20967
20165
16275
27906
19353
27692
22898
29579
27769
9397
4219
21227
32551
1834
31416
30434
7659
24282
5893
29139
7418
7625
12243
8278
6096
7289
27832
21980
3582
20946
23586
1976
26628
15435
13475
5380
32359
15401
30364
15027
3099
5909
11597
27588
15013
20787
12701
876
21509
24115
14863
24699
32625
4355
14652
17065
9066
11903
15682
481
11501
20202
11032
30443
32481
15003
18531
31656
29679
613
1413
8263
19740
2582
20520
18766
21226
15468
6303
10899
25717
2467
21322
16086
1036
20103
13245
30040
13391
24686
11127
23475
26581
5822
28027
651
20710
21443
27981
2886
28142
31613
7117
1746
8605
31504
5690
31886
2238
6612
31970
7772
547
31744
15632
15148
5884
16005
15591
10328
24093
31879
22410
21574
25826
28423
26751
11568
24198
19610
20916
18546
24737
16264
7727
25633
57
24749
9969
29565
15383
14092
6261
1330
17162
8532
18862
1651
13051
11004
10481
13126
23459
25983
19960
3705
20360
2392
15226
29225
10611
26946
4515
6645
21937
31787
9209
28612
21293
25753
9399
16607
9679
31329
11029
15821
12663
21678
17201
31909
28692
24189
32434
14022
18729
16282
23386
4860
4476
13220
31229
32120
8270
15205
239
3036
22139
26136
29662
14070
9624
24417
31535
892
6672
26610
26345
28052
24886
18190
3530
2372
9108
4862
489
7593
24914
32483
1822
5200
19312
22463
23422
23195
13955
30532
12441
19669
22753
20691
30909
24281
20492
7412
4028
20406
376
10093
11706
23935
25388
9413
9441
3465
26569
27318
12339
12798
16524
26014
9475
3229
18031
24005
20752
11053
16605
3263
9746
13088
10786
28844
29081
18941
7658
5825
347
23180
26229
12331
7344
10173
8381
7281
6474
28696
5071
18689
15115
8717
22958
27408
11458
19319
4953
24641
27335
1399
25846
351
23233
27945
31086
29906
19561
16567
32011
6771
9507
23996
32561
7775
10330
19236
24789
7652
12676
32036
2342
28513
30003
9289
31624
23049
23836
1226
3847
22263
5672
28633
18995
31561
19999
4522
21346
28673
5441
8229
883
15812
21848
8922
23362
5804
15139
17204
17886
11304
5139
6790
8252
900
5268
18150
22943
5238
30531
1377
21805
20118
2909
25111
6057
32096
31645
7802
5477
19049
4177
633
6090
9157
14150
29172
32208
3585
1935
25532
31307
9338
31857
3637
26551
29785
23159
5670
28557
17535
19319
9435
20902
17971
28542
31515
24918
29746
12173
392
17708
2057
11322
24846
13874
20943
9914
22003
25509
8866
25848
5207
31465
30527
7087
17374
144
6095
27040
12643
13482
13257
31868
274
7101
22158
13873
6682
24551
31808
5306
4916
29700
3338
21333
20221
26664
24468
9790
28346
11117
16097
27626
4247
29223
1011
8309
3806
12006
12805
1201
10560
23150
5452
25583
6869
27672
16264
16552
8540
29232
26988
29177
23782
12084
17127
4555
22692
19571
13650
24744
24440
3934
12414
29900
10176
26715
31720
4472
10998
15911
8312
24893
18513
643
15783
16635
18793
20640
23888
26655
7275
22925
32181
21143
3422
28636
32454
14376
107
18880
4672
19075
7877
22594
9171
15899
7118
6221
6632
245
7946
5344
8166
32414
4206
30199
19780
30458
24068
10312
11770
7654
5082
28131
1491
13951
28849
17569
29873
24343
4650
13984
2124
3601
18430
16605
13999
28307
9995
26203
3772
5764
222
17935
18455
1943
8352
4195
2576
16921
12284
3112
17986
15294
26383
12168
25746
27110
19505
18468
30178
5541
16901
5265
24020
25430
26333
22455
2634
23460
14705
26807
2000
6853
9950
4904
32620
25977
15225
23888
24883
5385
23306
8226
22638
28754
24528
11677
26911
11163
6334
14943
25579
10241
7083
17100
5630
493
13248
8378
24966
31336
24428
85
4254
17157
11542
12114
31390
26421
2865
26494
13793
4188
26102
20276
8539
10733
15624
1838
14980
24146
3956
20403
15238
7547
9149
7086
5416
8709
18161
16741
30042
4116
21858
27261
24172
18097
19360
16991
15036
20223
39
23338
25660
30548
1529
23943
27152
29995
5796
3755
8414
4045
2504
31062
21745
22059
28188
6448
21974
1594
5125
4799
24681
17338
3344
22059
17674
17763
3906
25205
9764
15620
2132
3680
32352
2245
3431
952
1078
13644
17410
11726
31253
16704
3141
24160
14162
13375
24821
10204
7448
28140
21927
26020
12132
869
298
18846
31853
13393
2565
7871
12641
7647
26560
7767
5109
31492
2085
2607
25273
11044
8429
29335
17040
22237
5554
12842
825
23719
32274
1355
16518
22297
23445
23688
3496
15295
19777
10825
20259
15702
12377
29621
7358
7604
20248
25924
2654
18241
18493
19455
739
20017
13904
5120
19401
6122
18115
31283
1202
6626
857
29333
21288
11836
9884
29843
32136
8937
5018
16259
31156
15843
14728
14030
14763
23015
4427
12185
3121
11925
23698
12410
19966
7822
17218
31082
28216
26454
4878
8714
24054
6713
21128
3678
6378
21570
29047
865
9882
25954
24855
19058
14916
30929
7814
6826
19661
28694
1840
7092
28685
5605
18521
28789
18211
10245
9069
3476
16289
271
22617
651
4552
8113
22813
9672
12839
21633
7150
28203
28569
18685
287
21757
30396
673
22243
204
30176
31203
24819
4389
29269
1981
19379
3089
27410
11540
17299
4852
5396
1808
31548
27123
4916
4726
17539
16279
32591
19991
30028
32265
18474
5146
26488
15441
6329
30431
22194
31217
23102
19535
11097
1254
21557
3448
6197
25589
5725
28058
28243
10426
28111
3688
189
17710
30284
10330
31760
21872
23942
15838
23961
12493
12716
20703
2689
18417
26030
15230
29229
16894
19178
4635
26092
17563
27306
32266
29508
18690
23833
29266
16500
21223
25294
3509
14184
24839
16893
30398
30863
18687
12319
4316
12352
2318
10494
6732
6290
16662
23784
18699
8344
13956
24860
17394
3374
6837
9338
31193
14028
25969
168
27513
2253
850
9028
6943
14199
12043
8520
21980
13762
9660
32253
3099
2414
16183
30847
1863
555
31913
26496
23931
30341
19314
20331
11485
2466
7513
27482
15173
19567
18098
1945
9545
9263
20467
5813
4647
6656
17245
15879
32449
31047
26716
18981
27627
27672
22443
25448
26715
19935
10401
16156
7168
30647
16066
20632
25938
13609
22794
24102
27869
23479
1708
12864
10723
10229
28675
7806
4550
13843
26172
19060
12028
17797
18683
32566
27643
965
8894
13876
12417
5736
25420
19644
5217
11266
4762
174
25657
30529
27234
28698
27764
26971
31255
12504
4666
21594
4574
20083
12220
32360
13076
3925
19280
5194
10330
29627
8948
3092
16850
3533
20999
32010
15642
11009
30053
1871
30165
8531
28692
25705
1174
27309
15961
26709
28091
13671
20362
14473
21676
12944
19668
20448
16428
10428
27927
21175
14417
10911
21808
5724
7306
27003
24101
29138
19258
27146
22614
6268
21302
20320
22261
18279
25150
5114
8708
1587
7328
4746
18599
30163
16375
8000
17224
21762
10377
23580
24151
23294
10378
18272
13395
21691
6452
22122
29542
1912
32577
22818
419
10168
17729
31874
29185
26928
8148
20818
6204
26851
16873
25592
24611
22001
28294
25989
23062
32637
17832
24781
2919
13749
13883
14270
14641
28165
24901
15578
20067
5560
4219
21567
4896
15644
6931
10243
4446
921
32660
9100
24896
32422
2651
14770
31441
185
5650
8931
9886
9225
7173
26599
3267
9048
10130
16029
21011
7587
23440
7921
15432
14585
16519
10803
9869
6776
31776
20978
4715
28490
5308
27304
29236
30648
29172
4305
16803
21221
27224
2709
5233
14929
27968
24327
31716
4086
689
3771
13194
26550
7546
421
19357
21278
847
29060
22049
27767
10574
5652
14044
376
8352
11377
30340
32737
10829
25369
23588
32711
2962
24461
26049
6112
12129
18975
4833
13620
9810
12134
10763
23422
25799
26132
27426
19523
8298
18613
7483
25489
31396
20567
17671
7797
19102
32360
1656
28626
7831
30368
23689
28525
13873
30389
4082
5500
22178
29007
13810
28654
10617
1218
10146
15329
24907
12009
26309
17409
31003
13383
29222
26400
16934
2759
20517
2590
30277
23184
23985
25261
28247
23081
22190
4274
24963
295
27146
27603
12796
23175
3836
6512
20570
2214
4849
21516
14202
20973
29811
27177
18202
21276
2985
13371
14419
1690
6625
11277
18376
14624
4262
14149
19276
15264
10565
19171
13846
6431
702
9772
25555
24583
3205
16602
17832
28575
21774
18937
10413
19519
2363
22822
27786
31082
21464
17986
26749
15289
16564
7486
232
9278
32754
4227
21635
10248
26705
17792
5476
3448
25004
8465
9430
10454
20047
27425
29167
24705
4828
21734
7261
27729
23223
21807
14406
6354
12197
10325
12789
30832
13044
23459
22048
9611
3440
3070
9585
24736
1287
26988
22881
6881
24475
24400
20899
26430
18279
30476
21947
5435
12355
21892
1681
16256
7380
25195
2517
10806
28328
4687
21104
30191
15240
13265
13702
13703
23196
23286
6463
19350
16469
16247
29470
24763
19381
6019
29380
20088
20522
11388
9287
21816
30519
29079
13145
20756
9642
28605
14168
15390
6006
32077
4958
20173
8120
17002
31284
15642
14332
12577
6254
3571
28121
4874
12734
25062
5119
7786
7701
14897
2168
19884
6473
16928
4874
11578
30279
21071
3325
1739
19843
1182
31573
19944
28040
23097
11264
25009
27084
4912
22751
24094
11153
29793
11491
8075
13771
27067
9369
4993
9237
6834
17122
14131
21076
17521
651
17846
29604
25064
26238
32108
2179
30049
27849
7829
5916
32422
5566
16687
5558
755
19819
31545
354
8451
3338
17406
32254
31543
2008
14279
9377
26343
32743
24226
12230
5701
21290
6171
19978
17956
16469
23353
13659
10236
13457
18532
19621
2563
30507
20088
26852
11725
13133
14558
9523
29325
22856
13401
23790
25136
5936
8612
18444
12828
27911
8680
18690
17976
18680
15663
2577
12066
2598
30600
15987
12636
17758
24721
3288
4176
16539
10263
23538
8793
12414
32063
27256
11344
22344
922
8401
10056
15648
20476
22923
28169
24863
22949
6202
18965
24580
31408
5119
26563
26096
4569
1058
29225
7283
28064
21218
9831
31097
17587
25659
8052
13774
9051
19018
1328
28118
10283
18512
18462
28865
24976
30803
18418
5247
16013
27523
5031
28305
17765
9348
7928
23362
1740
23580
30680
13104
16941
28596
19566
30308
28139
6982
14073
15404
6228
32714
23874
14650
18591
2629
383
26287
8005
9994
17933
22254
22357
27305
15328
7348
3462
8588
7059
29693
16118
26017
20230
25270
19540
20395
5225
18274
19323
8758
23867
30633
20226
19366
16688
29970
12064
6117
25756
6215
13788
12222
698
18605
8151
12814
23562
17674
25961
3906
31462
13939
32104
24653
1134
30624
26739
12032
26984
24100
23480
24004
13743
13420
26649
6275
25193
8023
19655
16631
23486
13801
3995
17312
23845
27906
22739
21956
23313
30115
16582
13889
10023
12371
13865
24280
23598
9914
9836
7576
2859
1658
2715
28821
32568
27444
21982
12102
22838
5054
29391
6776
793
13313
21894
32495
9420
7442
13659
6273
4976
15182
14884
27014
379
25353
11783
7483
12961
11048
10082
15740
18297
13982
28116
16683
8001
16089
27862
7640
6992
18867
10699
8852
17054
20330
1005
5838
22433
15631
17307
15954
7052
9480
28887
28232
31546
25743
7729
16959
32012
28682
15864
12589
22446
8904
17407
30733
30190
9193
24372
8017
14682
1849
21398
29006
31474
22719
14331
30158
30070
14044
31894
8888
9256
30271
27010
11218
17229
20057
25784
10876
30830
22248
29242
29500
1984
30096
29645
25760
32304
19865
10015
4715
23406
26868
7358
17344
13864
22324
20087
1847
20783
11411
9978
9449
1983
18519
848
8214
19713
14011
1640
14936
13214
707
10415
15680
30449
7983
31417
22650
29757
10576
25984
4557
21897
13543
23989
21858
27438
24963
14128
32005
6339
32067
5637
25414
25734
19352
10345
15820
24861
24658
29846
23901
18021
19134
14649
10855
27795
29829
8029
23667
24388
10004
22556
21900
590
32017
15438
17796
9524
12609
29843
8430
18189
24053
8997
28817
2071
29888
4899
13990
28833
10864
16633
24532
2397
31145
30283
22487
9084
21880
640
32128
32160
13286
1008
18994
26673
16387
9848
25556
10862
26344
19029
28359
3049
13767
23681
20870
32035
16960
17900
15078
7789
14070
9992
7825
24405
8942
21597
19024
7173
21929
6265
31786
21830
12978
1681
22616
20495
9571
16953
747
16064
30920
27746
27224
23537
765
32211
678
5418
21827
26917
14338
14189
31811
23610
7957
30418
32191
19089
8003
16837
8544
25608
9234
28196
21780
14317
32524
16683
5763
9754
5617
22156
22549
9209
22088
15074
30871
22483
14452
6312
6163
22841
28232
24048
24649
3009
1519
12966
23843
31018
1925
24163
25761
10289
23678
10668
13979
18974
11164
23305
31757
31549
15893
2887
4784
11445
29088
27654
18287
390
10968
28746
26608
31245
14217
21716
26122
16012
2994
7267
32531
31139
24997
29182
4281
1220
13595
7676
11262
30740
6296
31051
19230
22405
4267
4471
22288
2106
18098
11550
25430
31746
14680
29778
26877
5411
1524
5665
1419
8218
16931
23736
22032
4689
17900
10960
4438
22110
24895
19505
30053
28753
4205
3873
28019
25440
30229
5225
17755
31542
21473
1459
513
25788
7588
14762
32139
24434
27130
30443
26966
11243
204
10453
4849
21120
6800
7531
9677
23068
8636
31633
8031
29330
11125
17723
23065
16472
4812
27789
24355
16580
22760
2904
1677
18652
11754
7450
16286
31797
22115
21773
25986
25809
6709
13970
2245
2885
32280
11442
31138
8843
6349
26076
6776
28633
25432
31335
18701
20718
23179
13353
4163
25956
13259
2566
23573
5946
14288
1338
16693
19300
13396
19416
1308
4847
13181
2715
7911
9870
905
21396
17248
12115
16296
19708
28593
7331
17771
15768
27173
29553
9605
24700
4554
3800
19759
7841
12316
12510
1759
24350
32289
19078
26009
17055
9522
20037
21689
29340
10995
108
30060
13137
14436
20783
4734
19223
11410
21158
14331
6701
13010
22276
8728
12642
19521
28790
257
6500
18068
21463
6496
17328
2665
19780
21558
32068
17799
26989
20058
20134
8820
13214
26299
7630
28298
19834
24657
12647
4838
28804
6974
13510
27310
26249
27790
7588
17800
5814
21178
32683
2940
20101
20763
27449
8659
17040
19993
7008
27700
27411
344
3016
13139
14346
27423
5002
2612
6994
17039
3198
17729
24300
30215
609
557
11631
7529
11688
8045
24958
19542
30722
29521
7590
20201
217
27820
11771
23696
7810
7805
32349
20144
14234
10422
30680
25263
32330
20716
3839
15899
4970
22689
25016
8889
27841
19623
9752
5769
22946
26322
5153
11037
7559
26471
22002
17176
31134
12906
10579
22572
27947
16432
26911
8771
11153
30316
31157
6308
32238
24141
13127
7126
17159
10873
5420
17777
9549
11991
20189
23373
18063
8255
17053
29970
18296
13873
7856
30449
4321
28254
5192
9881
15471
16178
14288
27453
13737
6125
800
20001
7819
26561
21348
4394
10083
8432
12023
13496
23784
18839
2434
32323
5952
13820
21453
29328
30969
27779
25246
6050
19873
17914
30970
7077
16116
21608
20858
23346
24769
20255
13038
28706
85
3333
25453
23157
32149
6308
28410
297
31744
972
27576
16060
27405
25269
2470
11000
10276
11346
2280
4092
12834
670
31758
16291
7455
1359
15852
1062
10687
26710
1528
31916
16128
15782
31615
3688
27680
24768
2552
6974
22447
30322
21186
26384
5564
8875
22358
2677
15636
4494
21655
9640
32112
3352
21562
21689
25228
4165
28572
15155
15671
14090
8972
17981
2254
17944
6222
19524
22124
1090
13845
17163
16562
5089
26497
6310
26567
4946
13584
21268
7953
25506
31018
2207
14056
31195
27169
25119
5921
5757
10821
18571
28620
26917
10513
17921
3848
31254
639
4981
10222
10331
17641
18654
10724
22489
14211
7126
9318
31410
26198
22632
17414
11327
12063
15111
3327
26893
3109
10397
9364
15887
26563
30636
24671
16820
12293
26236
2979
15675
7933
17475
13272
30157
15524
32764
10036
384
10586
7066
19490
5643
28559
20811
22922
19449
2600
27937
23227
29307
15759
9844
23568
22772
14216
30091
10400
18914
21849
15
8252
6800
6147
8334
31013
15405
2877
9942
31072
27124
22900
7590
11746
11052
9736
4031
30149
12220
7348
16265
29214
17836
20908
9762
22101
5856
1821
14139
11834
11475
28240
1366
5773
20975
20575
24144
29487
12629
26634
3374
8324
22216
14430
25044
23311
3034
16719
25187
7468
24758
32438
31805
21059
20971
17512
18426
9064
19758
12180
16098
7949
15598
25083
27094
11705
29091
24865
1318
23648
23630
18678
25398
13331
30901
26006
1400
10664
7030
11272
25743
15138
1274
22332
21416
23853
25296
30969
23265
14493
647
14643
25487
27051
4478
3771
22417
5642
10122
32404
31657
28168
27667
7202
17375
8955
27014
13896
19804
9624
27597
13945
26216
27565
23728
18178
11484
23545
28457
3399
21255
19635
20039
26634
10367
20703
8425
17571
21725
20763
25036
24796
25728
20634
30792
28747
7890
8233
8895
26549
14754
5494
14112
27043
8073
3296
30283
3818
18583
2304
10176
28159
8608
22388
20270
29477
18218
17262
7065
3270
30581
28093
27816
9923
9858
22791
12278
30420
10076
16663
9587
15891
4825
6529
16380
26327
22863
5260
16263
30602
19023
25259
28435
9021
10901
22162
17850
21395
10729
17944
8336
8403
12998
2040
20354
2006
14265
2417
9398
21960
5535
8466
18179
23943
2863
22485
8009
17911
2438
4361
13713
29306
28904
18187
26949
20364
7074
1219
21349
18499
20414
1273
6779
17839
1414
30629
9043
30479
13813
8814
16919
10719
11208
4285
7264
1916
32484
20993
4407
3592
20233
6450
25653
6524
25716
16489
20742
284
2717
30367
4737
3160
14236
7340
3046
28345
1070
3401
24175
4415
4488
21229
4574
18162
29223
32522
6300
20566
4789
22945
8546
20167
18150
29386
1533
16890
20532
14493
31572
2778
7941
16614
4539
14923
18823
5618
6738
11504
24139
26678
22819
24577
9879
10421
8972
3185
32640
29444
12141
19335
27031
26022
10573
16962
13068
97
2656
21198
5664
22345
11858
22457
3141
20068
15850
7014
2534
30952
9685
5499
815
8563
15588
15855
22350
28217
9992
10532
21375
23248
17885
2288
6847
13544
10608
21652
2900
26034
18638
27960
22032
26001
20372
22582
25408
14073
20773
2137
11514
909
15138
22835
207
23704
18080
31941
9978
1588
25219
15860
3476
8881
13361
9007
14816
20463
12862
25081
19954
7728
3971
12360
32747
19885
30154
23461
24386
3490
21323
10955
6598
13797
27383
18943
17871
16923
6416
3066
32477
9144
24926
13
9683
31047
32612
16432
14873
24653
15431
14068
10615
962
21709
4851
17957
26157
18108
13366
26906
22710
24537
23237
6321
11558
20879
20003
10200
3825
13295
26342
10477
11976
6814
8265
24007
23391
3343
5097
20646
26413
32751
17829
11056
30991
31218
14681
13080
7901
29683
32148
14205
15199
5260
17616
26075
13062
4924
7044
9339
16155
22535
27304
5176
9859
15367
19550
20458
13329
7562
30610
21927
31224
21842
17213
12984
678
10186
2790
9175
6624
3562
21005
10714
550
23847
28116
8836
23397
32459
32468
22504
30740
6511
25613
16951
21516
32469
31699
31537
30025
25062
26904
10
22331
9963
25443
15096
15231
14950
19689
6402
2099
3850
5884
15331
1887
3133
10486
30347
22842
3906
2929
1148
10251
9063
24611
15842
27917
5758
24976
1902
668
30565
15533
14323
27496
8178
4693
12969
15601
17720
10897
27724
8163
17953
28384
4399
22218
14730
25324
15862
9018
21263
7929
11432
9424
6084
373
30623
8672
17368
14042
27318
8673
1896
4135
12788
12500
2522
1556
11843
2988
29568
11290
1394
21227
6262
3116
26738
26445
17447
10059
21888
1593
9551
12430
25776
8796
28298
20239
14767
15950
11672
3883
31109
22798
24930
13438
23861
25603
22992
8904
7722
13544
15936
11741
25856
8224
26481
23933
795
6815
149
30607
1017
9981
30769
9857
552
17998
19347
20536
15285
12153
26964
22212
9642
28398
29058
14069
22173
14335
26030
16695
12039
9462
27967
27547
23269
9892
6142
26380
26248
16965
5016
6493
459
2424
31101
12567
13520
6935
12623
821
15544
12906
31446
9279
23628
15275
5220
26534
3074
5616
5349
31608
13744
21683
31484
26049
15600
172
15230
9341
24179
11514
30377
31629
10591
18189
19902
6682
21354
11540
17747
2495
31548
25415
7861
18625
12584
26206
30978
11140
11673
18019
14542
13655
483
2391
32030
30397
13229
25195
14509
14135
7739
32741
14364
3597
13516
5098
11665
15141
13616
5847
20635
9376
17335
28376
28115
24444
8439
30384
25992
5419
30836
11447
19192
14293
15910
3272
25529
13408
20553
17691
17096
1728
19020
6424
7493
20945
4230
27889
7672
15610
6740
18439
5045
3896
32523
23206
4089
22001
24626
13374
9203
30251
12268
32212
6879
20235
14654
17137
7097
21206
15158
32457
31151
28436
22254
18055
5090
14185
29806
13189
91
32602
8902
20165
12647
32327
1380
10540
20994
9407
10068
12701
4014
17937
19316
28591
9568
27431
29884
2373
14074
32211
1480
20171
6539
15698
30588
11054
4141
6860
2687
21222
18904
10386
16510
21476
16015
22404
20876
30815
32402
17021
29121
24057
16214
23036
32161
29798
11611
24233
30148
25696
13949
27578
12911
21681
21372
13557
24740
25752
23500
28548
25689
26640
6861
14538
290
3238
17680
22213
24883
13777
730
30278
3248
20310
24576
26127
10204
31358
4881
26034
21055
32491
17018
31029
18063
1191
10225
25101
1326
11463
294
2794
26321
21061
1396
24144
4855
18129
4825
7768
27112
12358
32043
13969
2267
5223
16290
25312
14237
19344
3727
7830
17302
28594
25538
6525
14308
5047
8017
17023
24030
26818
14536
1961
11560
28200
19579
17539
10006
19015
16511
10949
16319
26938
14606
25473
28873
19822
15331
24669
17704
2333
30297
28571
23735
11804
24852
7470
2424
23402
15977
12623
2491
5898
21342
4848
6429
26288
28434
19831
2204
24532
30161
4000
1373
19254
28094
29431
32470
20132
6271
26486
12164
22563
11673
28178
1645
6892
17118
19056
19914
16581
8905
24164
14171
3249
28735
964
30913
29017
13967
12981
9969
23142
7769
1650
24811
13693
29815
2458
2872
24615
31110
29811
1843
23083
29228
29483
26132
27783
27130
26589
15324
12227
25821
16098
9379
26187
8688
26258
17516
19178
1067
23299
26186
20776
19467
17084
1266
22365
27599
3974
32219
4323
29040
14126
31008
26107
7415
27427
3550
13104
21278
10100
20929
5155
15908
1044
32
24619
25283
19330
4332
9744
732
23894
3322
18422
1688
16024
16035
1580
25808
27742
21357
27387
20773
5067
14211
10805
14976
20582
1735
9903
30765
9660
1318
10705
4604
30311
5295
5804
9563
16348
13740
29987
6514
12374
11821
15464
7177
17244
7029
16045
8264
11161
8163
11228
9428
12605
18951
20602
18618
24216
1573
3298
30172
226
19439
3915
11724
29595
28740
20887
17813
24846
10715
15997
16771
15656
22427
11477
11150
19077
2176
10460
20355
28796
138
11840
11083
2247
28327
19202
14483
23348
1375
22830
32705
577
16766
25852
14103
27203
1386
17607
7516
20442
5905
4138
32053
134
4261
25667
7720
8297
3731
31424
8041
1059
20057
3891
6286
12601
24177
29068
28330
32358
5792
15361
14365
12827
14991
12816
5709
24738
24794
10295
31814
5367
4140
3465
21405
6186
16639
377
23042
27253
32727
15683
7793
24786
14269
12099
6177
31312
26016
11676
2136
28494
14089
21061
24121
10565
12351
14357
12581
4537
13732
32710
22699
1586
32025
8389
13149
27031
23477
30856
29177
24736
26899
4263
25433
3913
11285
15387
26566
13362
3681
12782
21653
10899
15011
29451
4945
22364
4277
30910
15717
992
16413
2088
21687
5260
10874
30486
1505
5099
27192
9369
25695
22677
16035
31166
26158
1684
5885
25974
240
15469
24875
9805
23667
16968
21431
16881
89
32646
1636
12330
20615
29066
27851
14045
16476
2152
16178
17122
19446
12099
6166
5502
17934
5758
20428
7713
11796
25319
27757
6420
16477
19131
26917
20227
2188
22656
5313
23255
3507
10321
1045
19887
26263
80
21597
18678
25377
11719
15472
8750
9511
30568
8611
10464
23748
31057
27023
1656
27934
26997
9214
14755
10927
26072
26635
27266
23232
4477
21712
31405
19860
29824
19131
1957
726
31444
12366
6395
15866
9381
32556
27931
15163
24747
19499
24154
1598
10059
676
8941
20411
20084
26578
25832
24282
30824
7405
22392
11250
17683
2583
18010
26068
7553
12798
21932
26028
8185
18716
2573
11890
24812
29993
6181
27462
31875
12166
18263
31834
11138
13939
3377
17197
28287
11251
5313
23791
4999
9361
2272
20421
21140
12214
5413
32073
7120
8536
18737
26724
19023
23631
28374
22699
26923
21951
19392
449
29301
12256
26998
25731
4637
3088
5157
22504
29442
20233
13720
24498
27996
1880
30199
29719
22167
7169
9848
24690
32664
12097
8539
5824
14710
16496
16963
31905
19170
1559
31384
15047
14847
27394
32036
3151
24259
3107
28377
10255
9853
3478
5791
20259
22964
24204
3704
14561
118
7482
26621
14961
5083
15041
2344
25484
18471
9800
28475
17149
3621
17016
32291
19917
29494
10116
5893
936
23939
25003
26366
1383
28787
21746
10492
27069
18925
11786
27874
2439
7562
4640
19804
9646
751
21365
25733
4143
10998
18139
1768
15032
10398
22983
26184
7578
18028
11700
11170
22266
29866
4147
11292
3930
4578
26861
28582
18150
23876
22751
26997
20028
28595
6143
7769
15603
15242
12853
4793
28667
7178
11622
20346
2249
27110
9354
9763
2042
26112
19285
24775
23171
10177
8253
17710
2234
7076
27537
14875
1623
22134
6915
14925
13240
5800
12117
8685
2092
15987
13950
13436
23609
25067
16188
7623
10577
17769
9956
26561
21615
26275
12506
26044
29887
29834
19831
29994
28287
4336
20982
3124
907
26720
16113
6759
3101
5998
31960
32630
23365
25324
14371
12549
26343
6274
10073
1308
20356
13535
27064
834
15251
732
25238
7467
5848
30132
21515
20202
16874
11792
22298
16641
104
28060
19074
18251
13607
18230
25550
12574
551
4108
16509
1391
31959
22849
32550
24296
32151
5678
30131
31354
2817
11610
12087
896
26376
27464
30137
1607
17515
8569
18918
27200
11812
3898
22626
12441
25003
17984
15287
13348
25126
24822
23172
27203
10115
22578
25157
22884
32069
27529
7727
17120
11200
30323
16247
20587
22326
22607
30116
14346
17160
4650
16722
16181
23197
18675
28264
8338
5217
17812
21213
27236
27119
26719
25046
22597
28481
28306
32440
8917
8038
1620
19422
7246
31796
2477
29335
26354
24133
15991
6184
17464
21778
16523
12166
16766
30223
11811
12035
9016
725
5562
14820
24590
1777
28964
13549
2054
24794
15816
14854
10615
953
14853
31741
28548
24566
17889
29572
3193
31312
27480
14322
18729
24964
17396
29481
11825
20970
5223
17517
5924
194
7576
13270
31413
20857
7874
6969
23090
16190
18395
13561
31033
17933
14216
29275
29349
32659
22961
8778
24336
18304
23558
13515
22556
18023
27012
87
31928
25110
23676
10008
28526
22679
22019
3281
9702
27467
16573
27508
23957
131
17100
130
6134
14685
16502
18629
12338
28629
24535
20264
1128
4921
15912
29691
13350
19748
12710
20395
1318
14678
6127
8974
15949
28596
27705
13375
24551
30594
10830
11758
6488
14713
28813
28208
12756
9117
17298
32201
29581
28519
4723
32400
24949
4539
26301
21071
28456
19486
5500
16969
2938
18552
25329
24769
17635
24228
12048
29213
28979
3561
4782
12388
5889
32082
17542
4276
23548
22526
12436
31092
32119
14366
24406
17044
23823
22490
23871
32206
13948
12836
2484
14592
19924
26930
3445
15504
28108
6442
29411
18991
2577
7592
21812
29826
8311
10705
7761
5085
21728
5251
21513
29048
17647
24242
11060
14653
8890
15973
13187
3570
10722
3245
3314
3450
3138
5590
17697
18244
28862
9895
28921
7611
4450
27626
28602
21729
21059
25472
5051
6269
1477
6578
10629
5614
32677
26451
18366
22014
20773
5262
17496
11318
16049
2096
22311
3381
18184
7843
11190
5629
13643
9491
15432
28227
12900
7982
9098
22756
2154
2768
32597
22386
9214
15049
6793
15563
28985
30020
28022
3172
10500
3650
22899
25790
11614
5799
22163
9178
30917
115
10290
2098
21679
23226
6260
10205
26402
9520
14290
25910
2152
13898
29115
24606
1712
26932
5991
7425
23286
10478
31003
8504
4007
29596
25583
3997
16047
31494
5407
24078
10821
28733
30367
28628
30012
5119
1628
11634
19425
19112
6606
29251
24253
6965
1643
8983
27546
10397
13772
11676
5076
6992
31332
32237
32048
4175
27444
32108
28699
8582
1226
4776
12201
15951
717
10752
15443
3277
11263
13815
6622
32033
20187
14594
25293
13491
29681
31402
2469
31468
24946
16876
6857
19929
3574
24925
20230
14468
11672
9235
8997
30619
8117
26054
20491
21284
9410
28410
6917
15899
7387
14289
11258
1598
5927
9476
22712
15598
2257
9300
21769
27398
2591
21298
17936
31080
17468
31106
503
22182
21567
10954
30347
20698
15182
7501
23591
12410
25486
15010
5715
30605
4689
22441
24156
4918
29816
17523
4702
991
29253
25833
19487
9613
3962
15985
13008
9631
13871
1302
12180
30259
16258
16079
16661
5510
27707
19576
10183
14063
19464
30764
23044
641
13422
32361
25523
18658
13235
21625
7820
17241
