27572
3939
16750
17743
20347
8858
23421
28671
30751
25785
22390
7386
23234
9810
24010
3390
6211
25810
18466
17703
5507
24706
13556
6041
28399
12958
20429
12247
23334
8137
20711
7709
11552
16012
23668
21748
633
28204
5719
13980
21710
11463
28912
22918
7808
32536
3803
27769
5548
25351
29382
13856
32763
15419
1283
13261
31017
12756
11104
676
4431
11564
2863
467
29946
8352
10223
4502
17390
28296
27997
20397
11289
28771
19397
20041
26564
16905
2162
19909
29221
5840
28483
22751
23847
2100
17304
1525
25883
7191
21731
18868
911
32005
1525
28928
23086
14875
6931
16636
7904
16816
22474
20715
6335
25057
16366
20671
30104
10778
23041
13358
4910
873
3769
29318
255
14578
20293
32670
6493
27206
18570
11015
9124
1241
1636
25482
9224
19489
26367
10842
12673
21455
23364
28839
14720
16590
13697
18473
16674
27811
7813
25862
4786
15647
23512
4232
8777
2392
12983
19462
18195
30373
2893
13261
8660
9769
27327
32237
30282
16048
16217
5692
25342
23852
4431
5315
13651
4135
19991
4798
9007
2327
8532
14279
11095
31967
26191
7752
12483
32164
26267
29591
7088
1825
19104
9272
1759
29849
18028
889
20595
21245
14170
12753
18285
1580
31304
14364
24989
25914
25241
396
16571
1406
13776
7454
24100
11673
28322
3473
20189
24328
17351
28893
32511
15486
5941
21777
354
10104
28276
13352
32258
21216
8298
20916
18653
28484
3112
13442
385
24433
15301
24529
17283
3466
3847
27084
7047
310
21653
17040
8585
20441
32341
10707
10721
15521
18814
15139
21528
13254
19867
14965
6410
4020
8085
16343
5590
18255
12726
26581
31088
19196
1002
11919
527
32242
24602
32528
15372
27585
10372
7118
7840
23986
29474
5224
1816
24822
948
15735
32738
8342
11850
10796
979
21217
25898
22351
16243
21360
10229
30222
17780
6376
17741
30079
