14626
27716
3793
19731
20412
26132
12049
2981
670
27508
5042
6502
7368
3740
21436
25056
28965
15530
31329
5941
13290
26044
14253
19816
8384
20295
31325
5105
25176
11776
15977
25555
17159
7781
12220
27836
18789
3415
30585
26000
2903
3244
10302
1086
8005
7102
27136
11005
28730
32734
22851
26576
14484
7968
10849
20392
8027
13645
1104
21759
12732
18712
22026
19587
14062
32305
18318
25075
15130
14615
13609
10912
31432
24990
30494
2041
258
25068
1503
3955
22754
6215
1134
30506
2380
5318
22776
12358
21189
8127
23405
628
14309
20745
18619
8206
564
24522
26400
28307
29937
11759
21840
30588
1043
1629
588
19905
23841
23542
32515
7685
1558
15214
25090
29854
26078
23525
12149
24028
8095
10275
16646
11379
20801
2008
5482
25489
29245
10347
13323
27807
16760
14651
22622
15949
24421
5711
17271
25420
6475
10691
20594
27953
19316
21663
9816
710
13501
476
15088
4411
23912
4933
6021
8388
19407
12983
13508
21939
30241
12325
30404
25496
10268
18422
6674
20012
11192
31940
18442
16463
14719
29368
19681
1182
10932
18146
10974
3266
9411
15873
19549
9692
19957
18340
924
13546
11614
1006
12902
21528
32740
29383
9011
3188
9478
25652
5473
21649
6648
9527
23188
19212
10132
27099
11973
2110
21548
12678
23412
10781
31167
30287
27422
10159
27124
11140
9912
20440
13625
20308
1373
355
23141
19214
19793
15200
28507
1425
4960
21533
29558
6826
24194
17793
28476
30809
15426
27419
32267
14900
24941
4594
29786
24629
4838
39
16964
13480
11861
9753
26247
19596
20363
32582
6633
15232
5875
32194
9970
12249
28975
5306
25521
10885
8279
25972
17451
571
16864
3374
6393
23744
24730
31568
3446
6742
14826
20735
27628
8415
24683
27623
26131
14754
5969
1267
6762
21837
25739
14306
7967
27020
4170
11855
3447
7269
20678
21172
29836
18374
16235
15488
6081
23760
1356
24639
2870
15376
26104
8087
8105
11974
30780
29411
13079
24183
8592
13243
887
19252
26449
12076
10982
6153
9399
18052
21049
17946
9461
5209
14432
26379
19873
16002
26371
5108
13779
24531
13761
26433
3407
24453
17157
10946
22147
30513
29603
30683
31044
2924
14622
3661
12861
58
6681
10267
23282
6957
23384
12110
23989
13338
29129
1370
5127
12568
30519
2044
30422
6239
13695
28985
8683
4983
6686
21301
6914
26364
26241
24549
26681
20061
29006
30418
9300
11988
3815
1563
6311
11065
2099
9780
23850
10805
13912
8927
10265
24208
2815
16056
32546
24693
25481
22553
5307
22179
3589
5339
25145
25498
20101
15105
23575
11273
10557
5459
10398
29490
1451
22738
31545
6377
18167
8142
12720
18208
14354
31167
8274
7915
42
30443
24649
13937
4410
8181
23824
7344
11390
13192
18660
16136
28059
3804
26118
22098
17284
26818
18146
32125
17043
6416
14006
8573
21185
10376
10420
28686
26993
22453
19885
16978
18595
8321
19007
4444
21274
4687
23253
30963
30359
31970
30870
28123
27776
7839
11224
14667
15827
5446
23823
13135
16156
391
25760
3553
28921
11527
32142
14665
12376
2765
19247
7953
25431
13305
22118
1457
27892
22089
32194
8956
4648
15244
6575
22427
11423
6265
28922
29991
10061
25032
26582
23828
32503
10287
32739
23244
24885
1427
8905
22483
2318
11490
31676
6796
14646
15107
25859
30438
14995
15290
30911
7915
3356
30258
6404
644
20262
2562
23976
28565
18820
12241
31140
14078
8271
30345
24092
17028
15143
10151
26793
27835
3567
1519
11848
7303
16626
11278
28581
4066
6536
28588
19439
5426
16711
22457
23013
7692
28511
32511
28730
19068
21530
14927
19828
7505
2416
20696
19321
13190
32329
11377
29672
19863
16050
29751
30367
1556
20751
21680
19215
5928
3743
17638
4741
13908
4547
18373
10702
22164
24785
26448
3965
30358
4818
21031
21494
5972
18793
15617
22707
1272
584
32311
29013
10600
7138
17468
31613
30606
24676
31157
2699
19316
19392
29491
16994
22056
5860
4736
14601
16021
18815
27220
28706
31090
25540
32446
15959
6762
27790
14262
26678
26409
524
8676
16468
31116
2880
17257
21196
5295
13803
2851
19153
5753
15009
24732
24453
27202
13308
7377
11126
10832
4252
19363
28262
4189
5344
13168
16457
14895
14213
22801
16695
9591
29233
11675
15854
32099
18200
6345
23599
19534
26501
303
29108
9200
3859
23307
30307
31552
24253
2171
2711
32383
27364
25119
6464
29631
15005
14627
26450
26082
274
2006
17908
18614
21640
26060
4178
18795
26986
131
16148
32728
29211
28055
30709
7534
27558
9359
18320
29746
7921
3783
19797
21089
2121
13597
13883
2036
18617
15180
10290
11374
12563
31238
18557
16463
18333
29304
31880
30858
29744
22750
5855
25149
17220
17342
14379
22931
5048
15200
20640
23829
22653
6173
21913
32060
16502
10854
13562
14141
12912
5941
20638
27902
21794
32692
12720
19224
23669
13600
28933
19599
24135
12021
3051
15630
10568
2242
5706
11134
11694
8881
25275
8436
11934
19409
22703
5613
6807
30568
28627
11133
