14687
8189
16807
24982
22401
2672
25552
8878
29638
30089
30586
8227
27525
27230
21964
28442
11469
26914
22622
14356
16417
19609
30599
22705
26351
1247
27590
12599
11224
31545
5428
7667
20169
11655
20624
24502
22339
16580
8085
7645
26327
22655
11529
30959
16712
31901
31981
21874
1217
24379
23124
4621
29060
19122
15567
27642
4584
13872
26585
9425
25734
14310
13577
1237
5103
2667
12851
28813
24526
9695
10467
2094
21030
31542
19396
23593
12064
5884
11459
3278
31669
20327
6762
27895
27512
19330
587
10469
5315
19748
18634
28909
392
11426
1463
25990
4039
9500
7663
30956
28843
13534
31722
29669
1798
15207
2876
22070
17170
6561
20282
1927
2793
3031
29720
32430
31668
11755
18212
24359
15038
27689
10063
27957
3573
3942
15028
10659
17030
10879
15462
27460
29305
3990
30212
9062
22231
30943
19338
11834
7046
11002
16167
24480
9263
13819
10595
19171
20177
19699
13291
14834
24164
13585
17541
10445
454
18686
18474
30451
6234
3668
30572
30633
6027
45
13783
24578
23267
16755
5271
27677
5743
3303
14050
2633
27931
10032
26726
22550
19878
29790
5001
23098
28467
19042
11232
10422
25760
31307
6138
16782
29890
10331
16601
10325
3384
10443
19507
18249
18530
27557
30536
14604
26674
20700
20795
10021
12060
13636
8365
3567
30105
16593
10568
24850
1363
17162
478
20689
8692
16085
25582
29708
31601
31768
16034
18964
7547
11474
19868
23839
30449
2924
12318
12329
1123
16023
26969
6029
2021
9558
29973
2903
11449
31797
16262
14613
28087
18252
10660
29553
10558
22273
23722
30098
29453
3624
7887
23656
32716
32657
15158
8286
16119
820
246
16617
10622
16697
16106
14939
23354
4426
21847
2185
11364
5928
5954
8600
23166
17365
1952
25229
26350
26588
20057
30317
17216
25433
7777
20278
14477
21896
6883
27108
11549
4983
10795
9177
9014
24760
10822
4332
19993
2017
8241
16796
4509
31928
22091
32657
26489
23720
29185
21184
6449
11237
26291
14143
15926
4022
7144
15395
17914
16289
10987
28350
7623
12322
12905
22506
243
2462
12491
13965
3653
5424
20520
18672
16546
30163
10696
11135
21160
28080
6101
28456
30605
8249
9759
25672
24748
6108
15378
2481
32560
27773
12815
7209
8952
2914
10294
12812
95
10014
28930
26134
20540
25690
6854
29992
22816
26077
27588
22658
5585
8162
25006
1509
18552
32595
24496
28160
4333
26037
28871
27739
2018
10824
31672
10734
4016
3522
22829
16404
6971
23795
2270
22257
11350
25966
17635
25927
22085
693
32206
5206
17419
52
32100
20921
30838
14688
10902
62
12621
2580
23405
4323
24170
8697
16057
3717
29849
11932
20873
13147
14812
20340
5480
13159
25940
14364
21548
22454
9912
12647
9901
27183
4217
17755
8421
23340
21297
1890
29234
26846
4189
27356
27478
5591
4151
23219
25118
16558
12627
28841
8877
25893
5779
22930
8975
19421
16375
15556
5080
26848
32249
5685
4931
27311
12673
11368
6562
5478
9204
7801
17506
8256
2644
14477
27268
8815
32137
25542
31518
14077
20629
3165
20278
15498
19111
25757
20668
11939
8733
23204
6495
29906
