26508
16714
31191
7424
7130
2346
14050
22715
31724
29714
2584
17648
7301
31331
104
23425
30543
3929
20428
1175
31546
8367
25840
19926
14633
15678
25386
2597
14995
10126
30504
32464
3780
9966
21810
27466
29235
5650
13205
4684
26797
15533
3025
23129
14111
5318
1629
28851
4791
17043
17330
30662
7092
23228
6735
30288
995
19066
5549
15220
15537
6338
4249
25201
4215
30765
32027
857
20158
16966
6512
15898
11292
4855
11814
21682
2423
31454
5430
17703
2017
30124
29231
10880
16478
583
15969
2016
17232
28904
10462
17586
13339
2160
8841
1087
22598
3653
1237
29632
