31236
19412
27381
5320
25598
21798
17394
28794
669
9805
3288
25003
19865
6283
29541
9005
27936
21072
3456
1078
3061
8420
30218
4852
1688
5813
18028
31897
21255
9915
18587
23665
16136
11043
15709
16813
17938
21909
24467
11355
18281
31748
27492
9852
7722
5780
26616
823
17967
29645
8228
18467
9461
30014
27020
28761
29881
8107
18166
17351
18508
62
27951
17571
14323
22640
11323
4259
23141
7964
6550
22897
3778
28103
23595
3504
23467
19623
4824
10156
11860
7635
7097
15348
12365
10357
13031
1560
13984
648
24327
22012
12034
17484
6097
22026
27098
5602
21815
13808
16961
25438
12544
11890
30301
3740
17645
20845
1221
20480
21506
31606
2823
5711
14224
27648
3118
21148
9442
5898
19836
12797
29480
22
20982
10132
30481
11429
16338
8285
19227
25760
27771
5792
27652
14292
23017
30465
25325
26553
19219
22842
9808
2099
29801
17617
3157
17337
10625
26777
19306
12015
27113
19650
618
14325
20851
3617
8287
21041
17214
15388
22557
31886
28294
20378
5174
7009
6969
31341
22010
19973
28161
22098
14182
24161
24635
4862
5493
21807
12313
23397
28743
8892
15626
491
15301
16415
30635
8670
11290
4479
25701
20051
24212
30812
14685
12619
22668
8033
17523
1785
30128
20900
3335
29495
27905
1161
2639
2610
3176
15423
6486
31846
22945
13878
22305
28029
19956
28703
10938
27043
2502
18798
5051
13141
23975
13138
10266
6626
7457
13591
13744
3221
21784
15803
26707
29255
28968
20380
17277
7277
27379
8033
14618
4127
5831
16638
14656
24557
32021
17524
22615
26647
5534
1358
27966
12241
4597
16693
18731
21562
21624
24704
15407
24601
24180
17023
20375
28796
1486
15102
9457
26750
771
32688
20132
15327
2139
18782
30080
1023
13224
14117
10414
28671
8558
32230
22781
26639
21349
14094
15122
16955
29192
8752
13734
30914
25378
471
2328
20343
17699
16295
18548
30382
20344
2221
25394
15626
3902
25821
9704
17138
17566
9265
25659
203
18835
7199
4406
5455
12885
15279
7583
577
21959
9753
22366
1202
1511
7926
27388
31309
8294
23683
16769
21830
11381
27327
25567
4995
7135
27511
948
17065
9359
18986
12447
25990
25270
21886
2019
6310
24502
28742
17199
4573
28448
16386
3156
5564
1802
28512
15955
29705
13656
25116
26335
29199
3520
27130
22105
8728
3371
12227
32460
11368
4259
31387
30969
18346
9320
32718
20317
7754
24590
23816
4328
13777
29263
31852
17828
12741
22852
11248
16734
17785
19880
4765
8397
12728
20301
3023
25976
20537
9614
21416
2662
21325
15747
3089
20346
9022
4421
2911
20443
1421
5435
5832
19983
31559
11601
22683
29003
11661
12095
30229
13932
3873
251
12079
31440
15109
29644
322
28973
28506
8444
16200
12176
16761
10229
26152
5553
16178
7290
14242
15112
17764
28575
21368
15897
31135
366
7679
9930
13873
32262
266
28336
3802
24572
30091
17543
14115
9746
7905
31145
3168
18623
11539
2246
13306
5068
4163
21529
26192
26845
16410
18134
24988
31348
31021
18823
24250
18994
28655
790
20266
7475
18242
30165
4638
4325
22796
23817
13983
22500
22211
22638
22865
32219
28840
30179
11176
26070
2504
21378
8866
32565
12997
25389
29356
14934
16687
6454
350
31347
28252
3206
31398
20214
17075
15855
19126
5507
27355
5635
23023
31280
3306
12538
3098
14885
30659
18289
6297
5044
14716
15154
32188
390
10491
11420
4644
10582
642
20237
11181
15700
9154
20568
2045
11640
32712
20349
24427
10636
24516
30255
18809
22229
2809
7770
22258
75
3473
18869
23509
14055
6865
27498
16045
1398
17953
22027
14549
32038
31831
190
23095
2825
8894
5353
8084
21450
12230
6928
30359
137
25950
10042
110
25366
3462
2175
32161
7847
15948
13645
10616
12239
29662
4472
7501
23093
2093
4844
7149
2399
30612
27181
276
7302
29857
17445
11389
7856
30336
4054
20981
29286
11508
29856
24479
1858
8785
7197
2048
31516
5068
32516
7667
1760
5152
29911
5604
29147
9848
28150
27401
24635
27093
26413
28352
9058
14395
23595
12985
21008
14512
22106
30625
6351
7287
29976
20052
17111
25176
14785
30307
5504
18230
31068
18048
20347
14470
17160
5515
6137
4933
24079
19457
13496
30669
31782
26554
12010
12572
26837
21676
12323
515
17955
21322
31325
17469
23074
7525
2526
27504
10900
6439
7406
60
13276
21425
9981
1478
18304
24845
15371
10350
1848
8203
24243
1450
10140
14153
19477
9305
4046
14944
19103
18565
28632
10924
15368
23293
13708
15285
7518
22019
12402
18647
22843
28061
7833
7652
6318
798
28178
15556
2721
2172
22348
31727
9510
2157
23508
27136
23305
26104
6956
5429
4782
9577
12911
25858
8888
15362
23167
1029
11251
5930
26586
28578
13827
10125
25629
22720
22435
16858
1502
25322
13698
12502
29240
1601
19357
20902
6273
5552
9562
26562
10766
6720
6977
5339
32607
4363
15122
26340
21226
13089
5877
3056
26373
21599
26353
4983
18394
4565
4181
30638
26929
18015
22389
28171
27587
8754
14898
27516
21963
15466
1212
10804
1978
25128
31221
2587
5381
18592
20673
24490
22330
31139
24323
2547
21110
8062
25225
19351
21738
6644
10548
20970
11793
4525
17116
8073
4244
15809
3296
3734
25439
7883
28750
12560
13128
1560
15524
28742
8769
3206
27997
9643
14382
10632
18263
18031
31987
24476
18119
32509
15724
13176
21728
32555
32142
6681
2627
2237
31921
2213
22964
23559
29521
27203
4017
23607
15505
32710
25354
32462
16870
3915
22061
30419
26752
29718
10663
18518
19707
5479
19377
2590
29037
32289
29211
3762
32702
15552
10177
5809
23667
20914
11891
16484
10977
20324
24150
5168
31548
28254
3282
19926
23714
15320
12637
976
1013
82
20473
580
29987
6469
20368
21005
4111
1648
21178
2483
1510
24049
20930
29598
15847
17391
13228
10796
32460
15051
13344
23497
17594
22797
6397
22947
5045
31815
24395
31692
16693
18865
14820
27574
20576
3521
8730
11215
18538
29288
23696
20215
3789
28949
29412
32243
1008
20497
16184
19388
17422
8623
6991
14364
1609
28282
15032
11757
32218
8614
17551
24553
1956
23737
11186
28236
30592
9474
17895
2852
2834
8926
16208
16106
16463
10166
30864
31648
25219
13182
23594
32632
21027
21370
9807
14145
25327
28015
6494
27874
8183
18769
27197
22172
17296
18971
21445
19873
4298
31895
7738
7570
5344
2876
4215
11931
26870
10817
14837
11799
29760
18360
3319
11789
971
15730
17160
26216
18750
8889
8591
15689
5165
14895
7935
9282
29790
30457
30538
21880
30820
8687
25758
18317
1913
16215
6414
31785
30382
14462
28871
19164
23858
9316
12825
14313
21446
9164
24531
20708
13212
26321
19476
25282
23392
2698
7653
13494
19998
11050
23987
7314
27935
9421
6954
4178
5219
3558
12694
11876
24406
17256
9766
19905
13018
17486
1694
16833
13910
28164
4545
17430
22425
11692
6440
18146
30669
29873
12452
4236
9004
27334
9549
2682
6194
16610
30389
13091
31419
11016
26401
57
22666
31271
28699
10259
9651
26364
30940
25707
490
32766
8078
22889
7709
17209
6067
16087
23516
2768
365
23877
8255
16275
7327
10440
8350
13836
8649
17683
7317
6915
8106
2534
4676
25561
1630
12353
21811
25252
9083
3466
6938
8241
17236
3916
3418
20810
9527
32121
17909
5906
22208
32742
6537
5232
985
28866
31779
7961
16530
25302
6724
5579
3476
3544
7796
28958
13158
8882
2321
26673
3705
24803
3169
2702
15207
1605
16685
7629
6975
5209
15046
27461
9215
31306
25634
18453
3026
20631
10973
12981
19380
24525
22465
4399
23478
18453
10033
12239
7467
5780
10654
30552
32491
13015
25349
10085
31668
11411
1051
23627
31145
28553
15200
23571
2379
16532
3301
21807
15170
5784
2493
3031
1201
14395
19366
24011
31987
22221
30841
31277
18653
25552
11631
10819
23705
4934
10668
30622
24445
12755
23207
20670
8097
13554
14170
11357
23900
1444
32155
3901
6119
25363
12731
9209
29720
806
24789
3738
19465
13698
7729
23299
23678
6372
25364
30247
18843
8575
24442
27013
15218
27375
7731
17661
3447
22331
12173
12095
8761
3658
27666
19370
20509
17046
9631
11893
16016
12710
11631
8600
21577
21408
2772
14168
10195
11771
5593
11740
9311
11589
14483
27342
20037
16187
499
10963
19072
15132
2277
6304
31112
6510
20315
2560
19866
24176
17334
15879
707
3232
7753
5891
29887
22322
28291
7716
29
12450
10674
5195
2626
7330
11037
14104
12750
6818
11738
3424
26031
26456
31414
4540
32597
893
24073
29952
4466
6057
2688
12249
5866
13145
29415
30498
13038
22000
13794
25498
17514
12328
13676
748
7652
2862
22420
27323
20409
18916
26549
26308
30966
14760
450
13448
6944
9311
31850
28515
32286
2593
18576
8243
5138
2138
29271
27385
10816
2971
11227
22165
31721
8081
15300
3908
27426
12878
32034
2573
4745
8060
16602
21450
15585
32400
24750
2137
14841
23938
14451
22359
21667
23555
31315
8011
5746
22570
23235
29866
28883
27661
2374
4420
20165
16661
6901
1423
16039
3663
3052
25910
484
16638
5396
10306
11005
1785
2081
27980
17332
8949
16322
13670
1009
30883
29683
11889
10507
28476
9154
25964
24543
1534
14933
18889
28367
6237
24270
32735
14655
30985
4116
18971
3639
29116
17293
7538
22773
28758
20874
5294
28649
22944
28251
28500
18102
360
2631
1581
14945
4810
22294
14313
31049
18138
24562
18335
13822
28931
8246
27654
8900
15262
21912
11965
15256
19969
16608
28061
6230
28156
4861
17817
32741
17757
31460
26348
23622
8789
20815
22107
17107
22390
15370
3638
6105
1200
1025
12930
8903
2822
32417
12447
15453
22043
12414
28823
32223
935
3150
1535
30344
30973
22961
12913
25871
22754
14821
9311
13279
4734
16970
21535
29403
24160
10209
20370
11332
24935
2870
12581
14069
13618
11038
26241
30837
8269
26552
14584
29941
12518
31027
18289
2453
26119
6296
22051
13098
15419
8601
6652
17252
2638
15530
4077
21744
11368
1633
357
17911
32195
24508
28062
28939
21691
24747
15452
2320
19556
26473
31248
3176
8482
4184
16837
10958
2564
18033
19426
4438
23551
28527
11192
2367
16272
15073
15135
12974
24342
31519
1889
4667
5140
30015
14597
13142
31961
15980
28280
18590
19640
26340
12740
30985
31289
26838
2285
16995
4749
6471
10570
2821
14003
31675
310
19439
22649
19989
5896
17756
20126
3176
15625
27843
12742
3819
7999
7226
30360
18166
5292
28568
817
12335
12267
13008
17328
4437
8738
12435
10936
29467
12901
19541
6943
27812
8578
1144
11834
5642
14072
2145
18182
14667
1904
27792
5193
27084
883
16342
22508
28314
6601
30795
8835
26650
14355
4257
3334
9487
13267
15198
21492
3688
3938
3171
27904
30985
29334
31947
10969
25232
10732
27939
21444
13811
15452
28443
6214
18442
13481
1057
19281
3526
25273
13302
10352
8011
15591
5288
29038
18766
24581
8172
694
12899
14609
16363
2895
13079
19241
8715
12399
30203
3189
843
23746
8333
25803
29011
22901
14747
6014
492
27733
1911
13569
8095
9893
20354
11999
30697
32465
1568
15675
4344
13070
6466
6371
10838
7476
26961
30876
6923
10458
23469
29532
27840
23897
13010
12450
46
3312
1310
9948
30466
17785
26646
12299
20836
16259
2779
22069
30270
14277
16095
23644
20743
29279
272
5757
1500
27061
13041
5977
29346
15574
9203
20174
32494
24206
30439
4170
3370
1505
8655
24012
16689
13988
1394
18921
8905
30685
5746
20686
14172
7692
20892
4457
19604
17863
22125
13011
31345
27433
28076
27536
4142
2017
27431
8008
20113
24351
10249
6636
1021
7584
17775
10850
22260
27626
11210
367
31449
4784
7008
29142
19826
17526
17707
22410
28321
13625
2878
14506
30352
11000
9675
29168
5738
19344
1720
18388
21285
18330
9091
6115
5616
34
23344
24363
22252
27101
21197
14069
28020
12042
27529
8973
30397
11117
13883
9088
32403
11967
21342
32077
32111
23832
816
27292
17984
19167
14501
10476
22130
30890
15195
1530
7645
27625
21863
32165
2962
29836
18478
5337
24891
10317
3084
12344
31003
2110
20387
4958
23450
5545
13083
1467
23261
16935
18578
13208
27451
9788
30205
342
21987
31235
13889
8972
2379
14460
9025
12271
18674
13672
29028
31850
26533
23735
8927
1179
3010
15668
19613
32259
19388
29254
5034
10870
20911
28309
6620
106
26841
11822
4053
18169
19067
4549
26622
31270
5545
13889
15336
18921
1775
1782
19392
22904
31802
31143
24582
591
15692
4848
30603
3359
9470
22870
18674
21144
16462
1451
